001026230092016230131
001372230092016230000
001588030092016230047
001587530092016230061
001587230092016230041
001586030092016230000
001374530092016230000
001374930092016230000
001375130092016230010
001375030092016230000
001578730092016230000
001581030092016230050
001581230092016230287
001580430092016230000
001586830092016230053
001587030092016230151
001592930092016230000
001592730092016230000
001592530092016230000
001593130092016230040
001593030092016230122
001593230092016230000
